 Ages (Myr)       30
        500.000        560.322        627.922        703.678        788.572
        883.709        990.324        1109.80        1243.69        1393.74
        1561.88        1750.32        1961.48        2198.13        2463.32
        2760.50        3093.54        3466.76        3885.01        4353.71
        4878.97        5467.59        6127.22        6866.44        7694.84
        8623.18        9663.52        10829.4        12135.9        13600.0
 Masses in each time bin       30
        2.95302        2.60803        2.13750        1.91353        1.61160
        1.38302      0.0116023      0.0950193       0.243755        4.45718
        5.97946        16.9407        24.3702        37.3505        57.5690
        84.4378        109.070        162.572        201.018        314.202
        342.064        476.105        528.874        941.745        1415.37
        2023.14        2886.05        4084.81        5500.73        8256.88
