 Ages (Myr)       30
        500.000        560.322        627.922        703.678        788.572
        883.709        990.324        1109.80        1243.69        1393.74
        1561.88        1750.32        1961.48        2198.13        2463.32
        2760.50        3093.54        3466.76        3885.01        4353.71
        4878.97        5467.59        6127.22        6866.44        7694.84
        8623.18        9663.52        10829.4        12135.9        13600.0
 Masses in each time bin       30
      0.0174363      0.0134330     0.00246450    0.000505456    0.000335588
      0.0964707    1.44005e-05    0.000118767       0.393354      0.0273940
       0.226371      0.0365440       0.155774      0.0561268        1.25451
        16.2538        11.0928        29.9690        85.0223        199.246
        120.797        371.525        313.761        939.550        884.820
        1863.18        2266.49        4782.16        7976.42        10675.8
