 Ages (Myr)       30
        500.000        560.322        627.922        703.678        788.572
        883.709        990.324        1109.80        1243.69        1393.74
        1561.88        1750.32        1961.48        2198.13        2463.32
        2760.50        3093.54        3466.76        3885.01        4353.71
        4878.97        5467.59        6127.22        6866.44        7694.84
        8623.18        9663.52        10829.4        12135.9        13600.0
 Masses in each time bin       30
       0.474757       0.466946       0.422101       0.421419       0.419840
    3.66733e-05      0.0138689       0.115123       0.193817       0.542602
       0.535609       0.791699       0.611914       0.154206      0.0402702
        7.05349        21.9956        40.7171        30.0838        149.176
        261.058        394.457        146.281        626.332        499.768
        830.737        3947.69        3824.57        7621.88        10719.3
