 Ages (Myr)       30
        500.000        560.322        627.922        703.678        788.572
        883.709        990.324        1109.80        1243.69        1393.74
        1561.88        1750.32        1961.48        2198.13        2463.32
        2760.50        3093.54        3466.76        3885.01        4353.71
        4878.97        5467.59        6127.22        6866.44        7694.84
        8623.18        9663.52        10829.4        12135.9        13600.0
 Masses in each time bin       30
    1.52269e-05    3.13306e-05    6.50020e-05    9.24288e-05    0.000264496
    2.97439e-05     0.00102358     0.00441037      0.0104224     0.00507723
      0.0208907      0.0171627      0.0187451     0.00658055    0.000127680
      0.0129393        2.38233        3.13379        31.2745        41.6332
        76.5547        151.908        326.100        549.679        768.632
        574.348        1575.30        4884.48        10439.5        14678.3
