 Ages (Myr)       30
        500.000        560.322        627.922        703.678        788.572
        883.709        990.324        1109.80        1243.69        1393.74
        1561.88        1750.32        1961.48        2198.13        2463.32
        2760.50        3093.54        3466.76        3885.01        4353.71
        4878.97        5467.59        6127.22        6866.44        7694.84
        8623.18        9663.52        10829.4        12135.9        13600.0
 Masses in each time bin       30
      0.0305887       0.215750       0.567972       0.722686        1.49650
        2.01230        3.55677        4.43537        8.08294        11.1427
        17.9668        30.4181        49.7236        70.2912        115.613
        174.033        178.869        208.829        279.650        386.409
        336.313        369.564        445.008        831.219        1167.50
        905.262        2221.56        3236.24        4155.49        4449.81
