 Ages (Myr)       30
        500.000        560.322        627.922        703.678        788.572
        883.709        990.324        1109.80        1243.69        1393.74
        1561.88        1750.32        1961.48        2198.13        2463.32
        2760.50        3093.54        3466.76        3885.01        4353.71
        4878.97        5467.59        6127.22        6866.44        7694.84
        8623.18        9663.52        10829.4        12135.9        13600.0
 Masses in each time bin       30
     0.00992794     0.00769384     0.00141505     0.00103237     0.00112086
     0.00661124    0.000189408     0.00186346     0.00507544      0.0154976
      0.0146918      0.0626695       0.629768        9.52377        5.50797
        28.3280        43.4030        153.586        165.120        242.708
        219.547        425.138        621.861        836.289        1096.57
        1720.25        2924.82        5153.94        7295.35        9668.97
