 Ages (Myr)       30
        500.000        560.322        627.922        703.678        788.572
        883.709        990.324        1109.80        1243.69        1393.74
        1561.88        1750.32        1961.48        2198.13        2463.32
        2760.50        3093.54        3466.76        3885.01        4353.71
        4878.97        5467.59        6127.22        6866.44        7694.84
        8623.18        9663.52        10829.4        12135.9        13600.0
 Masses in each time bin       30
       0.158607       0.167797       0.172510       0.204905       0.493432
       0.627561       0.837351        1.82140        6.89752        9.72252
        19.8720        34.1432        46.7269        88.4625        105.066
        135.198        132.952        195.896        250.793        293.374
        328.085        428.799        567.608        1199.55        744.150
        943.079        2721.99        3457.09        4829.70        7062.55
