 v (km/s)       83
       -1003.98       -979.531       -955.082       -930.630       -906.177
       -881.722       -857.265       -832.805       -808.344       -783.881
       -759.416       -734.949       -710.479       -686.008       -661.535
       -637.060       -612.582       -588.103       -563.622       -539.139
       -514.653       -490.166       -465.677       -441.186       -416.692
       -392.197       -367.700       -343.200       -318.699       -294.196
       -269.691       -245.183       -220.674       -196.163       -171.649
       -147.134       -122.617       -98.0974       -73.5761       -49.0527
       -24.5274   -2.66269e-10        24.5294        49.0607        73.5941
        98.1295        122.667        147.206        171.748        196.291
        220.837        245.384        269.933        294.485        319.038
        343.594        368.151        392.711        417.272        441.836
        466.401        490.969        515.538        540.110        564.683
        589.259        613.837        638.416        662.998        687.581
        712.167        736.755        761.344        785.936        810.530
        835.125        859.723        884.323        908.924        933.528
        958.134        982.742        1007.35
 g(v)       83
     0.00766907     0.00179206    0.000380251    6.51443e-05    6.73141e-06
    3.06719e-06    3.06642e-05    0.000208950    0.000763427     0.00168354
     0.00242279     0.00249722     0.00209958     0.00169597     0.00156942
     0.00185870     0.00271694     0.00393767     0.00526721     0.00638079
     0.00728133     0.00834982      0.0100625      0.0126283      0.0156962
      0.0184853      0.0204262      0.0218115      0.0236004      0.0264642
      0.0300742      0.0332876      0.0351423      0.0357611      0.0361678
      0.0371542      0.0386326      0.0399604      0.0404766      0.0398748
      0.0383415      0.0364870      0.0349519      0.0338020      0.0323941
      0.0299718      0.0265115      0.0229057      0.0201092      0.0184232
      0.0175418      0.0167178      0.0151317      0.0125827     0.00972721
     0.00744918     0.00613779     0.00562502     0.00545900     0.00507558
     0.00415220     0.00296642     0.00202582     0.00156294     0.00160210
     0.00233293     0.00400803    0.000974133    0.000410352    0.000408300
    0.000691348     0.00118415     0.00146080     0.00121501    0.000726514
    0.000377620    0.000218901    0.000145890    0.000106262    0.000101329
    0.000167917    0.000545410     0.00290148
