 Ages (Myr)       30
        500.000        560.322        627.922        703.678        788.572
        883.709        990.324        1109.80        1243.69        1393.74
        1561.88        1750.32        1961.48        2198.13        2463.32
        2760.50        3093.54        3466.76        3885.01        4353.71
        4878.97        5467.59        6127.22        6866.44        7694.84
        8623.18        9663.52        10829.4        12135.9        13600.0
 Masses in each time bin       30
       0.112112       0.102983      0.0832865      0.0605239      0.0346694
      0.0158164    0.000512156     0.00668971       0.231500       0.843344
        1.02477        1.35012        2.66074        2.17885        2.33696
        1.56353        3.02565        6.31293        7.60680        13.3924
        20.8763        44.3955        134.856        168.990        588.065
        1149.64        2605.64        5827.41        11503.1        9325.60
