 Ages (Myr)       30
        500.000        560.322        627.922        703.678        788.572
        883.709        990.324        1109.80        1243.69        1393.74
        1561.88        1750.32        1961.48        2198.13        2463.32
        2760.50        3093.54        3466.76        3885.01        4353.71
        4878.97        5467.59        6127.22        6866.44        7694.84
        8623.18        9663.52        10829.4        12135.9        13600.0
 Masses in each time bin       30
    1.95955e-05    4.03393e-05    6.63889e-05    7.79146e-05    9.17320e-05
    0.000143602    0.000123190    8.51115e-05    8.92752e-06    0.000150944
     0.00195864     0.00794422      0.0263110      0.0685370       0.119535
       0.251015       0.371155       0.665559       0.306429       0.470798
       0.610588       0.772403        1.10103        1.67598        2.12878
        2.79751        3.63570        8.94268        12.1836        15.6662
