 Ages (Myr)       30
        500.000        560.322        627.922        703.678        788.572
        883.709        990.324        1109.80        1243.69        1393.74
        1561.88        1750.32        1961.48        2198.13        2463.32
        2760.50        3093.54        3466.76        3885.01        4353.71
        4878.97        5467.59        6127.22        6866.44        7694.84
        8623.18        9663.52        10829.4        12135.9        13600.0
 Masses in each time bin       30
    0.000139376    0.000140518    0.000129232    8.32647e-05    2.16222e-05
    3.13766e-06    6.44205e-05    0.000136280    0.000233980    0.000199312
    6.39099e-05    1.69524e-07    1.12664e-06    0.000188309    0.000212061
    1.48934e-06    0.000384442    0.000547128    0.000165516    0.000932005
      0.0105327      0.0542517       0.231371       0.597503        1.55997
        3.17759        6.63097        12.9905        15.3177        24.1620
