 Ages (Myr)       30
        500.000        560.322        627.922        703.678        788.572
        883.709        990.324        1109.80        1243.69        1393.74
        1561.88        1750.32        1961.48        2198.13        2463.32
        2760.50        3093.54        3466.76        3885.01        4353.71
        4878.97        5467.59        6127.22        6866.44        7694.84
        8623.18        9663.52        10829.4        12135.9        13600.0
 Masses in each time bin       30
    4.75164e-07    4.13688e-06    1.87633e-06    1.99840e-05    0.000118326
    0.000134177    0.000113408    3.30069e-06    2.37378e-07    3.67477e-08
    6.81400e-07    2.18314e-08    2.56926e-08    1.31612e-07    0.000141685
    6.15778e-05    2.53207e-07    0.000668305     0.00585265      0.0154108
      0.0582431       0.116670       0.513638        1.20673        2.50251
        3.95098        8.99368        16.3111        11.8047        16.1717
