 Ages (Myr)       30
        500.000        560.322        627.922        703.678        788.572
        883.709        990.324        1109.80        1243.69        1393.74
        1561.88        1750.32        1961.48        2198.13        2463.32
        2760.50        3093.54        3466.76        3885.01        4353.71
        4878.97        5467.59        6127.22        6866.44        7694.84
        8623.18        9663.52        10829.4        12135.9        13600.0
 Masses in each time bin       30
    0.000152555    0.000122021    6.39328e-05    2.96098e-05    6.04639e-06
    2.73990e-06    9.89048e-06    6.42365e-07    2.93558e-07    3.77027e-05
    0.000100558    0.000657530    0.000840875     0.00116937     0.00167378
    0.000931681    2.38049e-05      0.0122103      0.0157722      0.0935718
       0.218958       0.552585        1.08503        2.19900        3.75473
        6.52307        10.7347        7.14346        10.6811        14.2506
