 Ages (Myr)       30
        500.000        560.322        627.922        703.678        788.572
        883.709        990.324        1109.80        1243.69        1393.74
        1561.88        1750.32        1961.48        2198.13        2463.32
        2760.50        3093.54        3466.76        3885.01        4353.71
        4878.97        5467.59        6127.22        6866.44        7694.84
        8623.18        9663.52        10829.4        12135.9        13600.0
 Masses in each time bin       30
    8.98097e-05    8.09378e-05    6.32837e-05    3.86260e-05    1.22735e-05
    1.13043e-07    1.20098e-05    2.76395e-05    3.08306e-05    5.12187e-05
    1.07314e-05    1.59568e-06    4.38532e-06    8.61852e-09    4.80975e-05
    0.000147069    0.000619330    0.000325909    4.66143e-05     0.00116940
     0.00769949      0.0601035       0.129491       0.706797        1.66351
        3.89328        6.24347        17.1549        11.9478        19.7559
