"v (km/s)" BF[g(v)]
-1001.26 0.00145365
-995.825 0.000470376
-990.392 0.00019621
-984.959 0.000113108
-979.526 9.06342e-05
-974.093 9.35884e-05
-968.66 0.00011072
-963.227 0.000135718
-957.794 0.000162397
-952.361 0.000185663
-946.927 0.000203612
-941.494 0.000216797
-936.06 0.000225646
-930.626 0.000228681
-925.192 0.00022238
-919.758 0.000204947
-914.324 0.000179899
-908.89 0.000153697
-903.456 0.000132064
-898.022 0.000116067
-892.587 0.000101364
-887.153 8.45163e-05
-881.718 6.68532e-05
-876.283 5.21401e-05
-870.848 4.39686e-05
-865.413 4.35521e-05
-859.978 5.02547e-05
-854.543 6.32791e-05
-849.108 8.10629e-05
-843.673 0.000100313
-838.237 0.000118219
-832.802 0.000133633
-827.366 0.000146158
-821.93 0.000157179
-816.494 0.000170224
-811.059 0.000188938
-805.623 0.000214053
-800.186 0.000239876
-794.75 0.000251024
-789.314 0.000231051
-783.877 0.000180662
-778.441 0.000120262
-773.004 7.23397e-05
-767.568 4.35865e-05
-762.131 2.94995e-05
-756.694 2.43526e-05
-751.257 2.40109e-05
-745.82 2.58082e-05
-740.382 2.7749e-05
-734.945 2.85082e-05
-729.508 2.84738e-05
-724.07 2.89051e-05
-718.633 3.0579e-05
-713.195 3.36494e-05
-707.757 3.76114e-05
-702.319 4.16646e-05
-696.881 4.57176e-05
-691.443 5.0465e-05
-686.005 5.70356e-05
-680.567 6.69009e-05
-675.128 8.15221e-05
-669.69 0.000102244
-664.251 0.0001296
-658.812 0.000162347
-653.374 0.000197081
-647.935 0.000228544
-642.496 0.000253101
-637.057 0.000270539
-631.618 0.000282954
-626.178 0.000294617
-620.739 0.000309963
-615.299 0.000332556
-609.86 0.000364729
-604.42 0.000405778
-598.98 0.000450593
-593.54 0.000491216
-588.1 0.000520578
-582.66 0.000536242
-577.22 0.000541322
-571.78 0.000542493
-566.34 0.000550031
-560.899 0.000571769
-555.458 0.000606746
-550.018 0.00064462
-544.577 0.000663067
-539.136 0.000644189
-533.695 0.000600606
-528.254 0.000560902
-522.813 0.000549648
-517.372 0.000580668
-511.93 0.000646335
-506.489 0.000723827
-501.047 0.000794781
-495.606 0.000856223
-490.164 0.000919027
-484.722 0.00100009
-479.28 0.00110564
-473.838 0.00122247
-468.396 0.00133027
-462.954 0.00140738
-457.511 0.0014491
-452.069 0.0014756
-446.626 0.00150908
-441.184 0.00157119
-435.741 0.00167394
-430.298 0.0018149
-424.855 0.00198545
-419.412 0.00215631
-413.969 0.00227957
-408.526 0.00231168
-403.082 0.00226091
-397.639 0.00219626
-392.195 0.00220571
-386.752 0.00236725
-381.308 0.00267711
-375.864 0.00303752
-370.42 0.00332099
-364.976 0.00341755
-359.532 0.00336126
-354.088 0.00329351
-348.643 0.00330066
-343.199 0.00342603
-337.754 0.00366542
-332.31 0.00397556
-326.865 0.00431274
-321.42 0.0046165
-315.975 0.00483817
-310.53 0.00494975
-305.085 0.00497851
-299.64 0.00500263
-294.195 0.00507276
-288.749 0.00522063
-283.304 0.00545463
-277.858 0.00575173
-272.412 0.00607123
-266.966 0.0063456
-261.521 0.00650826
-256.075 0.00653739
-250.628 0.00650778
-245.182 0.00655337
-239.736 0.0067544
-234.289 0.00710718
-228.843 0.00752076
-223.396 0.00783034
-217.95 0.00795052
-212.503 0.00791135
-207.056 0.00777864
-201.609 0.00768015
-196.162 0.00777051
-190.715 0.00817903
-185.267 0.00893011
-179.82 0.00980542
-174.372 0.0102554
-168.925 0.00970123
-163.477 0.00827413
-158.029 0.00688073
-152.581 0.00658772
-147.133 0.00891589
-141.685 0.0193375
-136.237 0.00976437
-130.789 0.00732585
-125.34 0.00752798
-119.892 0.00897741
-114.443 0.0106222
-108.995 0.0115312
-103.546 0.0114529
-98.097 0.0108314
-92.648 0.0101925
-87.1989 0.00979834
-81.7497 0.00969954
-76.3004 0.0098554
-70.851 0.0102145
-65.4015 0.0106691
-59.952 0.0110205
-54.5023 0.0110655
-49.0525 0.0107155
-43.6026 0.0102384
-38.1526 0.0100682
-32.7026 0.0102966
-27.2524 0.0106739
-21.8021 0.0108824
-16.3517 0.0107961
-10.9012 0.0105137
-5.45067 0.0101356
-1.13164e-09 0.00990422
5.45077 0.00992459
10.9016 0.00999133
16.3526 0.01001
21.8037 0.00984488
27.2549 0.00956927
32.7061 0.0094618
38.1575 0.00954111
43.609 0.00969634
49.0605 0.00985365
54.5122 0.00992954
59.9639 0.00979621
65.4158 0.0093399
70.8678 0.00862195
76.3198 0.00792661
81.772 0.00766231
87.2242 0.00817011
92.6766 0.00948739
98.1291 0.0109532
103.582 0.0109955
109.034 0.00860015
114.487 0.00520617
119.94 0.00296919
125.393 0.00255367
130.846 0.00553112
136.299 0.0317473
141.752 0.00415421
147.206 0.00176262
152.659 0.00216369
158.113 0.00400579
163.566 0.0066487
169.02 0.00826465
174.474 0.00787659
179.928 0.00643915
185.382 0.00515026
190.836 0.00445402
196.29 0.00429856
201.745 0.00448514
207.199 0.00476719
212.654 0.00491069
218.108 0.00479562
223.563 0.00448114
229.018 0.00410796
234.473 0.00378037
239.928 0.00354734
245.383 0.00341386
250.838 0.00334466
256.293 0.00327592
261.749 0.00315786
267.204 0.00298471
272.66 0.00278531
278.116 0.00258677
283.572 0.0024168
289.028 0.00228573
294.484 0.00218026
299.94 0.00207427
305.396 0.00195307
310.852 0.00181815
316.309 0.00167863
321.765 0.00154436
327.222 0.00142574
332.679 0.00132492
338.135 0.00123485
343.592 0.00114898
349.049 0.00106318
354.506 0.00097695
359.964 0.000893434
365.421 0.000819083
370.878 0.000757161
376.336 0.000707413
381.793 0.00066905
387.251 0.000639375
392.709 0.000615557
398.167 0.000595873
403.625 0.000579176
409.083 0.000563049
414.541 0.000545856
420.0 0.000527309
425.458 0.00050648
430.916 0.000482147
436.375 0.000453975
441.834 0.000422552
447.293 0.000387879
452.751 0.000350607
458.21 0.000312603
463.67 0.000276286
469.129 0.000243158
474.588 0.000214329
480.048 0.000190637
485.507 0.000172464
490.967 0.000159147
496.426 0.000150159
501.886 0.00014539
507.346 0.00014419
512.806 0.000144802
518.266 0.00014557
523.726 0.000145632
529.187 0.000144598
534.647 0.000142562
540.107 0.000140449
545.568 0.000139798
551.029 0.000141592
556.49 0.000146079
561.95 0.000152552
567.411 0.000158778
572.873 0.000160783
578.334 0.00015452
583.795 0.000138562
589.256 0.00011569
594.718 9.13568e-05
600.179 7.0461e-05
605.641 5.51498e-05
611.103 4.49887e-05
616.565 3.8332e-05
622.027 3.32935e-05
627.489 2.83271e-05
632.951 2.27184e-05
638.413 1.68636e-05
643.876 1.17205e-05
649.338 7.90181e-06
654.801 5.39607e-06
660.263 3.86019e-06
665.726 2.90515e-06
671.189 2.22917e-06
676.652 1.64467e-06
682.115 1.0848e-06
687.578 5.86526e-07
693.042 2.26722e-07
698.505 4.28606e-08
703.968 1.17239e-10
709.432 2.68145e-08
714.896 6.49309e-08
720.359 8.68028e-08
725.823 8.68146e-08
731.287 7.01651e-08
736.751 4.59382e-08
742.216 2.32776e-08
747.68 8.05342e-09
753.144 1.18576e-09
758.609 7.0209e-11
764.073 1.41734e-09
769.538 3.05512e-09
775.003 4.14113e-09
780.467 4.58196e-09
785.932 4.53232e-09
791.397 4.18048e-09
796.863 3.68644e-09
802.328 3.18214e-09
807.793 2.76874e-09
813.259 2.49184e-09
818.724 2.34354e-09
824.19 2.29059e-09
829.656 2.30215e-09
835.122 2.39866e-09
840.588 2.68264e-09
846.054 3.33032e-09
851.52 4.557e-09
856.986 6.49656e-09
862.452 8.95022e-09
867.919 1.11689e-08
873.385 1.20776e-08
878.852 1.08765e-08
884.319 7.49634e-09
889.786 2.93068e-09
895.253 1.21973e-11
900.72 4.64787e-09
906.187 2.52746e-08
911.654 6.63929e-08
917.121 1.15541e-07
922.589 1.34184e-07
928.056 8.04749e-08
933.524 1.03042e-09
938.992 1.9251e-07
944.46 1.29918e-06
949.928 4.04225e-06
955.396 8.52587e-06
960.864 1.37781e-05
966.332 1.82664e-05
971.8 2.1354e-05
977.269 2.45048e-05
982.737 3.21176e-05
988.206 5.57798e-05
993.675 0.000135844
999.143 0.000436724
1004.61 0.00166717
