 Ages (Myr)       30
        500.000        560.322        627.922        703.678        788.572
        883.709        990.324        1109.80        1243.69        1393.74
        1561.88        1750.32        1961.48        2198.13        2463.32
        2760.50        3093.54        3466.76        3885.01        4353.71
        4878.97        5467.59        6127.22        6866.44        7694.84
        8623.18        9663.52        10829.4        12135.9        13600.0
 Masses in each time bin       30
        7.78987        8.50063        9.47646        8.26080        6.12212
        3.93232        2.72927       0.531834        2.32942        6.62749
        34.8028        16.8748        26.2070        29.3606        37.0217
        82.7948        69.4275        91.9723        114.485        179.791
        218.082        297.792        343.763        471.035        876.065
        1419.68        2359.44        4457.87        7313.54        11148.9
