 v (km/s)       76
       -1020.23       -993.072       -965.909       -938.743       -911.574
       -884.403       -857.230       -830.054       -802.875       -775.694
       -748.511       -721.325       -694.137       -666.946       -639.753
       -612.557       -585.359       -558.158       -530.955       -503.750
       -476.542       -449.331       -422.118       -394.903       -367.685
       -340.464       -313.241       -286.016       -258.788       -231.558
       -204.325       -177.090       -149.852       -122.612       -95.3690
       -68.1238       -40.8761       -13.6260        13.6266        40.8817
        68.1393        95.3993        122.662        149.927        177.194
        204.464        231.737        259.012        286.289        313.569
        340.851        368.136        395.424        422.713        450.006
        477.300        504.598        531.897        559.200        586.504
        613.811        641.121        668.433        695.748        723.065
        750.385        777.707        805.031        832.358        859.688
        887.020        914.354        941.691        969.031        996.373
        1023.72
 g(v)       76
     0.00257159     0.00161308     0.00100044    0.000685007    0.000554764
    0.000515304    0.000485377    0.000417972    0.000325572    0.000243343
    0.000181899    0.000130972    8.10085e-05    3.41803e-05    5.64010e-06
    5.86405e-07    9.80668e-06    2.15318e-05    2.93906e-05    3.13385e-05
    2.65735e-05    1.51786e-05    2.00470e-06    8.95629e-06    0.000110833
    0.000527187     0.00176471     0.00456021     0.00931835      0.0162806
      0.0268039      0.0407886      0.0553974      0.0685619      0.0803023
      0.0912289       0.100529       0.105404       0.102350      0.0893738
      0.0678630      0.0429546      0.0217969     0.00963635     0.00514493
     0.00358644     0.00302577     0.00297152     0.00321906     0.00359299
     0.00386766     0.00381618     0.00335602     0.00263773     0.00193756
     0.00145196     0.00122799     0.00123988     0.00145518     0.00181104
     0.00213409     0.00215505     0.00173057     0.00113057     0.00157701
     0.00144628    0.000703667    0.000156159    7.76605e-06    3.58563e-06
    1.31371e-05    1.56754e-05    1.53620e-05    1.61693e-05    1.19101e-05
    1.31107e-07
