 Ages (Myr)       30
        500.000        560.322        627.922        703.678        788.572
        883.709        990.324        1109.80        1243.69        1393.74
        1561.88        1750.32        1961.48        2198.13        2463.32
        2760.50        3093.54        3466.76        3885.01        4353.71
        4878.97        5467.59        6127.22        6866.44        7694.84
        8623.18        9663.52        10829.4        12135.9        13600.0
 Masses in each time bin       30
      0.0153476     0.00706155     0.00243991    0.000249870    6.82729e-05
    0.000781758    0.000837729    8.55682e-05    7.30136e-05     0.00499243
    6.65135e-06    1.90190e-06    2.86767e-06    0.000933057      0.0145364
      0.0378970      0.0387228      0.0553512      0.0180789      0.0112054
      0.0143554       0.477938       0.910991       0.126450       0.217838
       0.410140        3.56786        4.75850        10.7045        27.5157
