 Ages (Myr)       30
        500.000        560.322        627.922        703.678        788.572
        883.709        990.324        1109.80        1243.69        1393.74
        1561.88        1750.32        1961.48        2198.13        2463.32
        2760.50        3093.54        3466.76        3885.01        4353.71
        4878.97        5467.59        6127.22        6866.44        7694.84
        8623.18        9663.52        10829.4        12135.9        13600.0
 Masses in each time bin       30
     0.00198798    0.000432651    2.61069e-06    1.92873e-06    4.30003e-06
    0.000577763      0.0317183      0.0683442       0.287669        3.74965
        15.8986        47.7793        102.708        193.883        172.403
        135.824        175.903        174.206        294.620        336.644
        386.105        502.589        751.553        577.073        730.543
        787.686        1242.27        1044.93        4970.53        7237.60
