 Ages (Myr)       30
        500.000        560.322        627.922        703.678        788.572
        883.709        990.324        1109.80        1243.69        1393.74
        1561.88        1750.32        1961.48        2198.13        2463.32
        2760.50        3093.54        3466.76        3885.01        4353.71
        4878.97        5467.59        6127.22        6866.44        7694.84
        8623.18        9663.52        10829.4        12135.9        13600.0
 SFR (Unnormalized Msol/yr)       30
    7.22194e-13    2.65585e-13    8.48382e-14    6.37032e-14    4.08476e-14
    1.25422e-14    1.21804e-13    3.47410e-13    2.90322e-12    1.79915e-11
    6.39105e-11    1.44001e-10    2.86055e-10    4.88357e-10    4.04212e-10
    3.01613e-10    3.50657e-10    3.32885e-10    5.05060e-10    4.83152e-10
    5.10376e-10    5.47504e-10    7.15639e-10    4.79273e-10    5.73795e-10
    6.16367e-10    8.96846e-10    6.28954e-10    2.42411e-09    3.10349e-09
