 Ages (Myr)       30
        500.000        560.322        627.922        703.678        788.572
        883.709        990.324        1109.80        1243.69        1393.74
        1561.88        1750.32        1961.48        2198.13        2463.32
        2760.50        3093.54        3466.76        3885.01        4353.71
        4878.97        5467.59        6127.22        6866.44        7694.84
        8623.18        9663.52        10829.4        12135.9        13600.0
 Masses in each time bin       30
        15.0580        9.67809        2.01774       0.168213     0.00516917
      0.0152784       0.580001        5.28982      0.0317473      0.0932327
        2.72463       0.637834       0.576413      0.0391208       0.192629
        1.73432        6.33929        5.89411        5.64610        46.3273
        54.4275        145.686        231.091        214.262        242.698
        411.722        1088.88        1513.73        7338.30        15693.5
