 Ages (Myr)       20
        1000.00        1147.25        1316.19        1510.01        1732.37
        1987.47        2280.13        2615.89        3001.09        3443.02
        3950.02        4531.68        5198.99        5964.57        6842.88
        7850.53        9006.56        10332.8        11854.4        13600.0
 SFR (Unnormalized Msol/yr)       20
    2.57005e-10    3.10918e-15    6.93687e-12    1.72005e-12    1.30276e-10
    2.18804e-12    6.54944e-13    9.57579e-14    1.31976e-10    1.58284e-09
    1.95556e-08    1.48971e-08    1.20753e-07    3.24466e-07    2.43677e-07
    4.11352e-07    1.81961e-06    4.57370e-06    3.51324e-06    6.99575e-06
