 Ages (Myr)       20
        1000.00        1147.25        1316.19        1510.01        1732.37
        1987.47        2280.13        2615.89        3001.09        3443.02
        3950.02        4531.68        5198.99        5964.57        6842.88
        7850.53        9006.56        10332.8        11854.4        13600.0
 Masses in each time bin       20
      0.0353328    4.90390e-07     0.00125522    0.000357072      0.0310270
    0.000597847    0.000205305    3.44374e-05      0.0544516       0.749225
        10.6196        9.28103        86.3084        266.062        229.240
        443.964        2253.06        6497.14        5725.62        13080.0
