 Ages (Myr)       20
        1000.00        1147.25        1316.19        1510.01        1732.37
        1987.47        2280.13        2615.89        3001.09        3443.02
        3950.02        4531.68        5198.99        5964.57        6842.88
        7850.53        9006.56        10332.8        11854.4        13600.0
 AMR (0.02 is solar)       20
      0.0320941     0.00653433      0.0147064      0.0293942     0.00386514
     0.00805877      0.0186832      0.0201427      0.0255402      0.0285091
     0.00636257      0.0298380     0.00537058     0.00795087     0.00394741
     0.00435059     0.00389972     0.00795796      0.0331918      0.0331917
