 Ages (Myr)       20
        1000.00        1147.25        1316.19        1510.01        1732.37
        1987.47        2280.13        2615.89        3001.09        3443.02
        3950.02        4531.68        5198.99        5964.57        6842.88
        7850.53        9006.56        10332.8        11854.4        13600.0
 SAD (flux fractions)       20
    1.07173e-05    2.00308e-10    3.72248e-07    7.70818e-08    9.21347e-06
    1.23399e-07    2.92351e-08    4.17101e-09    5.26747e-06    6.17197e-05
     0.00127251    0.000593076     0.00843560      0.0203756      0.0193142
      0.0319727       0.151084       0.310667       0.150652       0.305536
